((((((((((EU980364:0.00000,EU980380:0.00000):0.00145,EU980367:0.00145):0.00016,
EU980365:0.00161):0.00013,EU980368:0.00174):0.00011,EU980381:0.00185):0.00402,
EU980366:0.00587):0.00026,EU980369:0.00613):0.01725,(((EU980370:0.00144,
EU980372:0.00144):0.00029,EU980371:0.00173):0.01705,((((EU980375:0.00000,
EU980379:0.00000):0.00142,EU980378:0.00142):0.00016,EU980377:0.00158):0.00013,
EU980376:0.00171):0.01707):0.00459):0.00546,EU980373:0.02884):0.11375,
EU980374:0.14259);
